
645727
645724
645723
645709
645821
645818
645806
645805
645804
645801
645797
645794
645793
645791
645788
645780
645779
645777
645767
645765
645757
645756
645755
645754
645752
645751
645849
645843
645837
645836
645835
645833
645907
645898
645896
645884
645882
645875
645956
645948
645947
645942
645933
645931
645928
645921
645920
645919
645918
645915
645971
645964
645963
646022
646018
646008
645999
645998
645997
645996
645995
646035
646034
646033
646032
646030
646028
646026
646112
646107
646104
646073
646072
646064
646063
646062
646151
646149
646144
646137
646136
646126
646124
646120
646114
646226
646225
646221
646206
646205
646193
646180
646177
646171
646160
646263
646258
646256
646240
646344
646341
646340
646339
646338
646337
646319
646318
646317
646310
646308
646307
646306
646305
646367
646366
646365
646349
646374
646373
646368
646428
646424
646423
646407
646403
646399
646398
646397
646396
646467
646446
646445
646443
646439
646504
646495
646494
646474
646559
646530
646529
646528
646625
646635
646634
646694
646686
646685
646681
646670
646660
646646
646645
646644
646643
646722
646719
646733
646731
646730
646726
646762
646749
646741
646740
646829
646835
646836
646834
646831
646816
646843
646839
646851
646844
646854
646853
646861
646875
646908
646897
646893
646912
646907
646896
646895
646892
646920
646919
646915
646954
646940
646924
646923
646969
646964
646961
646953
646942
646941
646938
646937
647001
647000
646999
646992
646986
646982
646976
647012
647004
647003
647002
646996
646995
646994
646993
646991
646987
647037
647028
647026
647020
647018
647015
647040
647038
647034
647033
647025
647024
647019
647017
647096
647095
647086
647083
647069
647082
647079
647078
647076
647074
647123
647122
647114
647107
647103
647126
647116
647113
647105
647102
647134
647132
647131
647130
647141
647138
647136
647139
647164
647163
647160
647153
647161
647154
647143
647171
647168
647166
647170
647169
647173
647195
647184
647182
647192
647180
647240
647237
647236
647224
647215
647227
647218
647210
647199
647300
647291
647289
647283
647275
647295
647294
647288
647286
647285
647327
647324
647322
647321
647320
647319
647315
647312
647308
647306
647338
647337
647339
647356
647352
647348
647347
647351
647342
647360
647387
647382
647378
647376
647374
647384
647375
647366
647390
647389
647414
647413
647412
647409
647426
647425
647423
647422
647421
647431
647430
647429
647447
647444
647439
647438
647437
647443
647442
647436
647434
647433
647454
647450
647453
647452
647477
647473
647470
647468
647464
647476
647471
647467
647465
647460
647508
647502
647500
647498
647495
647505
647501
647499
647493
647492
647531
647525
647524
647518
647517
647528
647521
647516
647511
647509
647534
647533
647538
647537
647535
647559
647558
647554
647553
647547
647551
647546
647543
647542
647541
647607
647603
647601
647595
647586
647602
647600
647599
647597
647596
647611
647610
647635
647631
647630
647629
647628
647634
647633
647621
647614
647613
647658
647657
647655
647651
647650
647659
647654
647653
647643
647639
647663
647662
647669
647666
647665
647671
647670
647668
647694
647686
647685
647678
647681
647680
647679
647672
647734
647733
647730
647729
647726
647736
647728
647727
647725
647723
647745
647744
647741
647738
647740
647755
647756
647753
647751
647750
647779
647776
647775
647790
647789
647788
647787
647785
647793
647792
647794
647799
647797
647796
647795
647811
647809
647813
647806
647802
647801
647800
647818
647820
647819
647830
647824
647823
647821
647827
647822
647838
647839
647833
647832
647831
647849
647848
647846
647845
647847
647862
647858
647851
647865
647857
647856
647853
647852
647874
647869
647875
647873
647872
647901
647899
647894
647893
647892
647895
647891
647884
647883
647882
647912
647909
647908
647905
647903
647911
647910
647907
647914
647941
647934
647931
647930
647942
647940
647939
647938
647936
647960
647958
647955
647953
647952
647961
647957
647956
647954
647951
647971
647970
647969
647964
647972
647967
647963
647979
647985
647980
647978
647976
647975
648015
648012
648002
647999
647997
648014
648008
647992
647990
648027
648025
648023
648024
648022
648020
648019
648035
648034
648033
648032
648052
648049
648045
648044
648041
648043
648036
648063
648059
648058
648055
648053
648057
648056
648054
648067
648066
648074
648073
648072
648071
648070
648096
648093
648092
648090
648088
648102
648091
648089
648081
648075
648131
648122
648116
648132
648124
648109
648107
648106
648140
648136
648141
648135
648150
648143
648163
648162
648158
648154
648160
648152
648151
648209
648205
648194
648188
648185
648210
648206
648201
648196
648191
648217
648214
648246
648242
648238
648235
648228
648244
648227
648252
648251
648249
648280
648277
648275
648266
648264
648271
648270
648265
648260
648296
648288
648286
648285
648284
648340
648339
648324
648322
648316
648328
648326
648321
648317
648314
648346
648365
648364
648363
648361
648360
648373
648372
648417
648415
648402
648401
648387
648420
648414
648398
648397
648386
648449
648442
648441
648439
648446
648443
648440
648438
648431
648463
648455
648469
648465
648497
648495
648491
648488
648482
648487
648481
648478
648472
648502
648500
648509
648508
648506
648505
648545
648544
648541
648540
648539
648543
648531
648523
648517
648510
648558
648557
648555
648554
648553
648552
648599
648596
648593
648590
648573
648591
648584
648583
648582
648581
